32393
32642
33089
33104
33423
33719
34220
34413
34508
34650
34808
34838
35052
35617
35890
36131
36182
36265
36327
37856
37908
38008
38069
38128
38471
38979
39000
39207
39393
39607
39952
40277
40282
40747
41107
41404
41886
42074
42921
43200
43897
43971
44780
45044
45167
45236
46165
46280
46545
46612
47899
48202
48235
48243
48294
48347
48427
49139
49445
49581
49823
50668
51214
51280
51520
52054
52196
52236
105991
106107
108646
110550
110807
110972
111006
161713
161754
162077
162111
162375
162457
248337
262027
284446
302993
306983
311567
330539
338925
339599
345192
346070
371142
393476
394500
400693
411384
416626
430269
